centerFrequencies=[921 775 345 -330 -925 -700]*1e3; %center frequencies
bandwidths=[192 235 126 117 90 100]*1e3;
labels={'AM' 'QAM' 'AM' 'QAM' 'DSBSC' 'DSBSC'};
txPositions={[5 3 1.5]*1e3, [2 1 1.4]*1e3, [9 2 1.4]*1e3, [12 5 1.3]*1e3, [13 2 0.3]*1e3 , [15 5 0.7]*1e3}; 

