centerFrequencies=[-755 325 -470 100 630 -100]*1e3; %center frequencies
bandwidths=[112 105 125 70 93 80]*1e3;
labels={'AM' 'QAM' 'AM' 'QAM' 'DSBSC' 'DSBSC'};
txPositions={[5 14 0.3]*1e3, [7 13 0.1]*1e3, [4 13 0.3]*1e3, [12 5 1.5]*1e3, [15 2 1.95]*1e3, [9 1 0.3]*1e3}; 

