centerFrequencies=[-132 359 -523 723 -791 912]*1e3; %center frequencies
bandwidths=[109 95 62 79 123 111]*1e3;
labels={'AM' 'QAM' 'AM' 'QAM' 'DSBSC' 'DSBSC'};
txPositions={[1 13 0.5]*1e3, [3 11 0.7]*1e3, [5 3 0.8]*1e3, [2 15 1.1]*1e3, [3 4 1.15]*1e3, [12 3 1 0.4]*1e3}; 
