centerFrequencies=[-900 -730 300 -450 900 740]*1e3; %center frequencies
bandwidths=[100 125 70 79 90 60]*1e3;
labels={'AM' 'QAM' 'AM' 'QAM' 'DSBSC' 'DSBSC'};
txPositions={[3.1 6.1 1]*1e3, [2 3 1.0]*1e3, [9 4 1.2]*1e3, [8 2 1.25]*1e3, [6 3 1.15]*1e3, [17 3 1.65]*1e3}; 



