centerFrequencies=[-380 -100 135 350 679 821]*1e3; %center frequencies
bandwidths=[100 90 80 110 55 120]*1e3;
labels={'AM' 'QAM' 'AM' 'QAM' 'DSBSC' 'DSBSC'};
txPositions={[2 4 1.4]*1e3, [5 11 1.1]*1e3, [4 12 1.2]*1e3, [2 15 0.95]*1e3, [8 11 1.15]*1e3, [7 2 1.55]*1e3}; 
