centerFrequencies=[-500 700 -370 250 500 900]*1e3; %center frequencies
bandwidths=[135 210 120 150 120 90]*1e3;
labels={'AM' 'QAM' 'AM' 'QAM' 'DSBSC' 'DSBSC'};
txPositions={[1 9 1.6]*1e3, [2 12 0.1]*1e3, [7 2 1.5]*1e3, [12 5 0.21]*1e3, [18 1 0.3]*1e3, [9 11 1.3]*1e3}; 



