centerFrequencies=[-700 -500 -300 100 400 600]*1e3; %center frequencies
bandwidths=[50 70 80 60 90 30]*1e3;
labels={'AM' 'QAM' 'AM' 'QAM' 'DSBSC' 'DSBSC'};
txPositions={[2.1 3.1 1.9]*1e3, [2 7 1.0]*1e3, [11 2 0.2]*1e3, [3 10 0.25]*1e3, [5 13 0.15]*1e3,[15 12 0.15]*1e3}; 