centerFrequencies=[-360 -100 470 340 -700 700]*1e3; %center frequencies
bandwidths=[110 100 70 90 80 100]*1e3;
labels={'AM' 'QAM' 'AM' 'QAM' 'DSBSC' 'DSBSC'};
txPositions={[5.1 5.3 0.9]*1e3, [16 7 1.7]*1e3, [3 4 1.2]*1e3, [7.5 4.3 0.25]*1e3,[10 3 0.13]*1e3,[7 3 1.5]*1e3}; 



