centerFrequencies=[-830 712 -245 321 -984 532]*1e3; %center frequencies
bandwidths=[93 102  150 134 90 70]*1e3;
labels={'AM' 'QAM' 'AM' 'QAM' 'DSBSC' 'DSBSC'};
txPositions={[1 13 0.5]*1e3, [3 11 0.7]*1e3, [5 3 0.8]*1e3, [2 15 1.1]*1e3, [3 4 1.15]*1e3, [19 1 0.1]*1e3}; 

